32
     0   138   129     0    73   137     0     0    80     0   142   135    94    85     0    91     0   114     0   116    77     0     0   122   114   135   138   136   147     0    75    72
   138     0   148    95   132   110   124   148    90    89    96   117    77    76    94   143    85    86   103    84   101   123   127   146     0   129    74    85    89   116    72    87
   129   148     0   121     0   127     0   139     0   120   110    99   149    83   118     0     0     0    88   108   139     0    94     0    88    84   141    78     0    99    94    91
     0    95   121     0   104     0     0   122   122    75     0    76   100     0    90   149     0   146    91     0    86    92   122   129   116     0   136     0     0    78   115   148
    73   132     0   104     0     0   101   132    82    90     0   130    99   103     0   121     0   106     0   107     0   120     0   101   140    92    73   145     0    72     0   103
   137   110   127     0     0     0    85     0    71    99     0    80     0   140     0     0     0     0    95     0     0     0   131     0   119   140    93   127   106    91   132   142
     0   124     0     0   101    85     0    77   126   123   106   134   148   116    91    93   147   135    89   124   130     0     0    91    77   119     0    91     0    80   103    82
     0   148   139   122   132     0    77     0     0   104   139     0     0     0   130     0    95    82    82   105     0    77   118     0     0     0     0    97    84    95   124   119
    80    90     0   122    82    71   126     0     0    79    98   139    74    95     0   111   138   114    86   119   134     0   146   142   129   131    96     0   140    85    85    96
     0    89   120    75    90    99   123   104    79     0    84    96    82    93    77     0   130    95    90   129   123   113     0   137     0    71     0   103   140    71   118   128
   142    96   110     0     0     0   106   139    98    84     0     0     0     0     0   114     0     0   133    72    73   105     0   144     0     0   131    86    90    97    75    79
   135   117    99    76   130    80   134     0   139    96     0     0    97   143    79   108    86    85   142     0    85     0   105     0   121     0     0     0   138   147    83   113
    94    77   149   100    99     0   148     0    74    82     0    97     0     0    75   127   113   123   106   131     0    81     0    82   133    90    76    90     0    80   149   116
    85    76    83     0   103   140   116     0    95    93     0   143     0     0    85     0   132   117     0   132   140     0    75   147    76   122   137     0    85   147   125   136
     0    94   118    90     0     0    91   130     0    77     0    79    75    85     0    81   142     0     0     0     0   141   137     0    81    89   147     0     0     0   141    74
    91   143     0   149   121     0    93     0   111     0   114   108   127     0    81     0   134   100   148     0   114     0   119     0     0    78     0     0   114   139    92    96
     0    85     0     0     0     0   147    95   138   130     0    86   113   132   142   134     0   106    74     0   141    85     0   126     0     0     0     0     0   146   136   113
   114    86     0   146   106     0   135    82   114    95     0    85   123   117     0   100   106     0     0   135   134   142   121   119   109     0     0     0    87    81   119   105
     0   103    88    91     0    95    89    82    86    90   133   142   106     0     0   148    74     0     0   133    86     0    84     0   117   115    82     0    81    84    89    99
   116    84   108     0   107     0   124   105   119   129    72     0   131   132     0     0     0   135   133     0   127     0     0    86   100     0    83     0    89     0    91     0
    77   101   139    86     0     0   130     0   134   123    73    85     0   140     0   114   141   134    86   127     0     0    97   119     0     0   141   138     0   136   126   122
     0   123     0    92   120     0     0    77     0   113   105     0    81     0   141     0    85   142     0     0     0     0     0     0   103    97   145   142   114     0   130     0
     0   127    94   122     0   131     0   118   146     0     0   105     0    75   137   119     0   121    84     0    97     0     0   111   123     0   113   126     0     0   136   134
   122   146     0   129   101     0    91     0   142   137   144     0    82   147     0     0   126   119     0    86   119     0   111     0   145   122     0   120    79   116     0   123
   114     0    88   116   140   119    77     0   129     0     0   121   133    76    81     0     0   109   117   100     0   103   123   145     0   135   131    73   122   124    93   149
   135   129    84     0    92   140   119     0   131    71     0     0    90   122    89    78     0     0   115     0     0    97     0   122   135     0    94     0    84   137   134   139
   138    74   141   136    73    93     0     0    96     0   131     0    76   137   147     0     0     0    82    83   141   145   113     0   131    94     0    84    88     0   141   133
   136    85    78     0   145   127    91    97     0   103    86     0    90     0     0     0     0     0     0     0   138   142   126   120    73     0    84     0     0    80   105   113
   147    89     0     0     0   106     0    84   140   140    90   138     0    85     0   114     0    87    81    89     0   114     0    79   122    84    88     0     0     0    95   132
     0   116    99    78    72    91    80    95    85    71    97   147    80   147     0   139   146    81    84     0   136     0     0   116   124   137     0    80     0     0   131   126
    75    72    94   115     0   132   103   124    85   118    75    83   149   125   141    92   136   119    89    91   126   130   136     0    93   134   141   105    95   131     0    94
    72    87    91   148   103   142    82   119    96   128    79   113   116   136    74    96   113   105    99     0   122     0   134   123   149   139   133   113   132   126    94     0
